0 0.42632128333333336 0.40424504375 0.35531470972222223 0.14782887604166667 0.34900591666666664 0.14166666666666666 0.32641753611111113 0.14166666666666666 0.03967918194444445 0.17203115104166666 0.026751509722222223 0.18362737291666667 0.051710045833333336 0.44765323541666663 0.05400208888888889 0.45889820625 0.07389161111111112 0.46145194791666666 0.4096753875 0.42183673020833334 0.42545700555555555 0.4165477989583334 0.42632128333333336 0.40424504375
0 0.5608073916666666 0.17507729166666666 0.553495788888889 0.16354166666666667 0.3644359527777778 0.16354166666666667 0.43117391111111114 0.42355418958333335 0.42565773888888886 0.43520297708333333 0.2980731819444445 0.4479166666666667 0.3036420513888889 0.4479166666666667 0.587000025 0.4413235677083333 0.5888888888888889 0.4402986510416667 0.5888888888888889 0.3555300510416667 0.5608073916666666 0.17507729166666666
0 0.27185861944444445 0 0.16899635277777778 0.009974476041666668 0.17909917083333332 0.10869254479166666 0.191096925 0.11821316979166667 0.22468743194444443 0.11595876770833334 0.4806998111111111 0.09173515 0.49166666666666664 0.0881136875 0.49166666666666664 0.06539741979166666 0.4699890902777778 0 0.27185861944444445 0
0 0.19885054305555555 0.5343114822916667 0.1986111111111111 0.5350887854166667 0.1986111111111111 0.5789685718750001 0.22974510833333334 0.9320671916666666 0.23832842083333333 0.9435790854166667 0.2513705611111111 0.94375 0.2595810694444444 0.94375 0.6618862208333334 0.8848045083333334 0.6700500208333333 0.8792117895833333 0.6721311944444445 0.8694681406250001 0.5736750583333333 0.5066537614583333 0.5660916541666666 0.49596921666666666 0.5477624138888889 0.49491477083333335 0.21484544722222224 0.5263786572916667 0.19885054305555555 0.5343114822916667
0 0.42083333333333334 0.43573441979166666 0.6422538375 0.47604166666666664 0.7448071472222223 0.47604166666666664 0.7462882666666666 0.46610787708333334 0.7740996583333334 0.21796759270833332 0.7691980624999999 0.20783100729166665 0.5989860333333333 0.17534073333333333 0.5298633638888889 0.4366731875 0.5173024722222223 0.44574545729166665 0.42083333333333334 0.42849760520833335 0.42083333333333334 0.43573441979166666
0 0.7744987750000001 0.8644256677083334 0.7358498875 0.8781507802083334 0.9180555555555555 0.850221025 0.9180555555555555 0.7973636739583333 0.76732045 0.49385047291666667 0.7576240416666667 0.475 0.7133639833333334 0.475 0.4132865875 0.520000228125 0.40174335694444446 0.5276499572916666 0.4031017416666666 0.5401642145833333 0.4917359361111111 0.5128900927083333 0.5128491763888888 0.5113857354166667 0.5206359847222223 0.5150047802083333 0.7682323930555556 0.8428401 0.7744987750000001 0.8644256677083334
0 1 0.35913068750000005 0.9213532111111111 0.1805526354166667 0.9175563916666666 0.17604166666666668 0.8305636791666667 0.17604166666666668 0.7329862430555555 0.181846046875 0.8397924416666668 0.443623825 0.8357541638888888 0.4553057072916667 1 0.444704890625 1 0.35913068750000005
0 0.3688827736111111 0.13541666666666666 0.6460392 0.10866937291666666 0.6560391208333333 0.10459291666666666 0.6569444444444444 0.100321240625 0.6569444444444444 0.092980428125 0.6159786138888889 0.0083074875 0.4844811277777778 0.0039242375 0.4523385472222223 0.008426041666666667 0.503811275 0.10932300208333333 0.5008568847222222 0.11562375208333334 0.4868353166666667 0.11812275520833333 0.3670657125 0.13541666666666666 0.3688827736111111 0.13541666666666666
0 0.6298355083333333 0 0.6371254736111112 0.11033273125 0.6327251458333333 0.11928315104166667 0.6291666666666667 0.12029611979166667 0.6291666666666667 0.12235352916666667 0.7765388513888889 0.12765682916666668 0.7921740625 0.12687506875000001 0.7979561694444445 0.125229115625 0.8011360652777777 0.11474682812499999 0.8001659194444445 0 0.6298355083333333 0
0 1 0.533998584375 0.719793138888889 0.4527411041666667 0.7068725097222223 0.45585825625 0.7020747125 0.4614526458333333 0.8667392291666667 0.5011683583333333 0.8765562069444444 0.5106317125 0.816867975 0.876814684375 0.8091272208333333 0.8884010999999999 0.9078006402777777 0.9166666666666666 0.9338864125 0.9166666666666666 1 0.7155333604166666 1 0.533998584375
0 0.8132010111111111 0.1375 0.9703414416666667 0.1375 0.9705465416666667 0.1374366125 0.9737040930555556 0.129807865625 0.9258787361111112 0.005998717708333334 0.8763322430555556 0.003796652083333333 0.7871344888888889 0.00685645625 0.7870529833333333 0.00960725625 0.8160949263888889 0.13170489479166667 0.8132010111111111 0.1375