0 0.39861111111111114 0.19615571875 0.39861111111111114 0.17127005208333335 0.39400100833333335 0.16338406041666667 0.09498044305555556 0.14166666666666666 0.0858487375 0.14166666666666666 0.07076601388888888 0.15013672604166667 0.012252655555555554 0.41259453854166667 0.010948815277777777 0.42398919791666667 0.02937900277777778 0.4299883947916667 0.3664208402777778 0.4504096125 0.38333429722222223 0.44801976770833335 0.3880208263888889 0.43614713958333334 0.39861111111111114 0.19615571875
0 0.5989676402777778 0.20096007395833335 0.5971039388888889 0.1880088375 0.5791855027777777 0.18260420416666667 0.438702 0.15416666666666667 0.4178066041666667 0.15416666666666667 0.3663325402777778 0.4150035541666667 0.3559571097222223 0.42514810937499997 0.2375 0.4131743770833333 0.2375 0.41394070000000005 0.5058302041666667 0.46268401354166666 0.5193730138888889 0.45895191875 0.5249838819444445 0.44973008645833334 0.5989676402777778 0.20096007395833335
0 0.3587655888888889 0.11979166666666667 0.48333333333333334 0.11979166666666667 0.48333333333333334 0.10364881041666667 0.47548521666666665 0.019151888541666665 0.32370885555555556 0.004973425 0.17929031944444446 0.00015947395833333335 0.16777936944444444 0.08993606354166667 0.17735318611111112 0.10149638229166666 0.21074622499999998 0.10561700208333333 0.3587655888888889 0.11979166666666667
0 0.25657172916666665 0.5068922135416667 0.20416666666666666 0.7392146145833334 0.20416666666666666 0.9119186916666667 0.5774927902777778 0.9208333333333333 0.5994193430555556 0.9208333333333333 0.6078440986111111 0.917182978125 0.6128684916666667 0.9079102927083333 0.6311543555555555 0.5329474927083333 0.6271991902777778 0.5211149406250001 0.6099422666666666 0.5169810770833333 0.280773425 0.49189045729166664 0.2629632694444444 0.497027159375 0.25657172916666665 0.5068922135416667
0 0.7866938874999999 0.424687746875 0.7602194666666667 0.17832870833333334 0.753618663888889 0.16979166666666667 0.5781517583333333 0.16979166666666667 0.566983775 0.4307077625 0.5565733486111112 0.44156656145833334 0.4375 0.43995153958333333 0.4375 0.4408394625 0.4484507694444444 0.4471000666666667 0.7732133347222223 0.4525049 0.7883121013888889 0.44770968958333335 0.7866938874999999 0.424687746875
0 0.5258561319444445 0.509641740625 0.5335069972222223 0.5138016677083334 0.7682016486111111 0.8574523135416666 0.7736056694444444 0.8793517677083333 0.7591810263888888 0.8833333333333333 0.8208627666666667 0.8833333333333333 0.9069444444444444 0.8765142322916667 0.9069444444444444 0.7936027364583332 0.7813609444444445 0.5106652104166667 0.7714764125000001 0.4892025208333333 0.7512801166666667 0.4862655364583333 0.4258184513888889 0.5109836760416667 0.41395195 0.5177469958333334 0.41480746250000006 0.5302783625 0.5046551458333333 0.509605975 0.5258561319444445 0.509641740625
0 0.9470608291666666 0.4733793333333333 0.9501148861111111 0.4666144385416667 0.9736111111111111 0.21543456979166667 0.9736111111111111 0.20220250312500002 0.9727771791666667 0.19872180729166666 0.9654191708333334 0.19355734375000003 0.7984727597222222 0.15533130208333334 0.7650561263888889 0.42580963437499997 0.7553677722222222 0.43545960312500004 0.9369197875 0.47604166666666664 0.9401164472222222 0.47604166666666664 0.9470608291666666 0.4733793333333333
0 0.5484359763888889 0.13541666666666666 0.6361111111111111 0.13541666666666666 0.6361111111111111 0.026139420833333333 0.4990070611111111 0.007471149999999999 0.4804239986111111 0.006645235416666667 0.4856873291666667 0.11120974374999999 0.4800878125 0.11619519895833334 0.46550693749999994 0.11473238437500001 0.33897963194444447 0.09802679166666667 0.5484359763888889 0.13541666666666666
0 0.6423095958333334 0 0.6309343291666667 0.10254865729166666 0.6250576083333333 0.11090578958333334 0.6194444444444445 0.11171038854166666 0.6194444444444445 0.11320353333333334 0.7750799166666666 0.14112264375 0.7853197000000001 0.13965485833333335 0.7902754805555555 0.12959514687499998 0.8097222222222222 0.013774983333333332 0.8097222222222222 0.007945142708333333 0.7414288027777778 0 0.6423095958333334 0
0 0.8094714208333333 0.8749297135416667 0.8019706888888889 0.8869485947916667 0.9088804291666667 0.9114583333333334 0.9262843513888888 0.9114583333333334 0.9907339694444444 0.6984519364583334 0.9975983777777778 0.5246965979166667 0.7037591750000001 0.45630389375 0.6909073250000001 0.46014359895833334 0.6862258319444444 0.466006103125 0.8516389027777779 0.4965099927083333 0.8616456597222222 0.505423853125 0.8094714208333333 0.8749297135416667
0 0.809340875 0 0.8001529666666667 0.116820234375 0.7958333333333333 0.12188233124999999 0.7958333333333333 0.12420879270833333 0.9380230277777778 0.13937230833333333 0.9498173458333332 0.13706498645833334 0.9552989763888888 0.12983030625 0.9469152319444444 0 0.809340875 0