0 0.039037315277777776 0.44730257500000004 0.0585559736111111 0.45136896145833333 0.39687937500000003 0.4375432458333333 0.4131449236111111 0.4334768583333333 0.4153136625 0.42127769791666664 0.37193886805555554 0.16021564895833332 0.3643482791666667 0.15126959791666666 0.05530286388888889 0.16021564895833332 0.04120605555555556 0.17078825625 0.037952945833333335 0.435916690625 0.039037315277777776 0.44730257500000004
0 0.5812222541666667 0.44404946458333333 0.5833909944444444 0.4342901364583333 0.5660410763888889 0.18298741666666668 0.5595348569444444 0.17078825625 0.5400161986111112 0.16834842395833333 0.37085449861111114 0.16184220416666667 0.4153136625 0.42534408437500004 0.40880744444444445 0.43672996875 0.27868305833333334 0.44404946458333333 0.5692941861111112 0.44974240729166665 0.5812222541666667 0.44404946458333333
0 0.1832585097222222 0.11141900520833332 0.216873975 0.11223228229166667 0.47386963611111116 0.11141900520833332 0.4879664444444445 0.10816589479166666 0.49013518472222223 0.09759328854166666 0.46953215694444445 0 0.17349918055555555 0.0016265552083333335 0.17241481111111112 0.10084639895833333 0.1832585097222222 0.11141900520833332
0 0.2689237291666667 0.9344557416666667 0.27868305833333334 0.9458416260416667 0.2992860861111111 0.9458416260416667 0.6961654611111111 0.8815927104166666 0.7037560500000001 0.87589976875 0.7048404208333333 0.8661404395833333 0.5692941861111112 0.5050452708333333 0.560619226388889 0.49447266458333333 0.5421849388888889 0.4936593864583333 0.2125364958333333 0.5294435927083333 0.19735531805555556 0.5375763666666666 0.19518657777777776 0.5481489729166668 0.2689237291666667 0.9344557416666667
0 0.7899647722222222 0.45782049270833336 0.80459375 0.45283334166666667 0.8006040277777777 0.42989244583333336 0.7487376541666666 0.1845246 0.7407582125 0.17554772708333333 0.5652104847222222 0.17355286666666667 0.5811693694444444 0.4388693177083333 0.5718600208333333 0.4498410510416667 0.45083848055555553 0.4498410510416667 0.4641375513888889 0.4568230625 0.7899647722222222 0.45782049270833336
0 0.5421940222222222 0.49182126770833334 0.5632589930555555 0.49388197083333335 0.5696700708333333 0.49869027916666664 0.7043027083333334 0.8579396125 0.7033868402777779 0.8799204510416666 0.6612568986111111 0.8867894635416668 0.8563368430555556 0.8902239697916666 0.8654955263888889 0.8867894635416668 0.8709907361111111 0.8778597479166667 0.8169545069444444 0.519297315625 0.8132910333333333 0.4973164770833333 0.7940578 0.49250816875 0.46342934999999996 0.48563915625000004 0.4496913263888889 0.491134365625 0.44694372083333334 0.5034985875 0.5421940222222222 0.49182126770833334
0 0.8037815944444445 0.4432019072916667 0.7976614305555556 0.454422209375 0.9887465638888888 0.45850231874999997 0.9955467472222223 0.4539121947916666 0.9962267652777778 0.446772003125 0.9323050486111111 0.189725096875 0.9282249388888889 0.18309491875 0.919384701388889 0.17952482291666666 0.7453000236111111 0.1749347 0.8037815944444445 0.4432019072916667
0 0.4693619041666666 0 0.4888029291666667 0.105189834375 0.4839426722222222 0.11091799375 0.4693619041666666 0.11143873645833334 0.3423009152777778 0.111959478125 0.6290560416666666 0.12393653854166667 0.6401652 0.12133282916666667 0.6450254555555556 0.11248021979166666 0.626973075 0 0.4693619041666666 0
0 0.6262787527777778 0 0.6457197791666667 0.11300096145833334 0.6422481666666666 0.12185357083333333 0.6325276541666667 0.12445728020833333 0.7991650166666667 0.13435137291666666 0.8088855291666666 0.13174766458333334 0.8109684958333334 0.12133282916666667 0.7970820486111112 0 0.6262787527777778 0
0 0.8042640138888889 0.4930052541666667 0.8166666625 0.500160628125 0.8739096527777779 0.868662378125 0.8700934527777777 0.8815420510416666 0.9988901819444445 0.8901285 1 0.5073160020833334 0.9960280319444444 0.500876165625 0.6477998402777778 0.47654789479166665 0.6363512430555556 0.48227219375 0.6334890930555556 0.4887120302083333 0.8042640138888889 0.4930052541666667
0 0.7966001305555556 0 0.8125720624999999 0.12527984479166668 0.8079135819444444 0.13276668854166668 0.954988461111111 0.13925528645833335 0.9663019125000001 0.13626054895833334 0.9702948958333334 0.12877370520833334 0.9350235444444445 0 0.7966001305555556 0