0 0.625 0.08506889583333334 0.625 0.07153107395833333 0.6194536013888889 0.06315043854166666 0.6067554861111111 0.06058770833333334 0.46638599999999997 0.055326456249999996 0.28455443750000003 0.040625 0.22281846388888887 0.040625 0.21652879722222224 0.04832394583333333 0.14741032777777777 0.4493473322916667 0.1479924625 0.45910621458333334 0.15872957777777777 0.46621385729166664 0.543459176388889 0.48810900520833334 0.5537245611111111 0.48431246041666665 0.5611709958333333 0.478163121875 0.625 0.08506889583333334
0 0 0.31282299166666666 0.05240367361111112 0.49270833333333336 0.06938753611111112 0.49270833333333336 0.19411764305555554 0.46954694166666666 0.2029199625 0.462209521875 0.2060204513888889 0.45408090104166665 0.10063353750000001 0.07354423333333333 0.0944067736111111 0.06289774791666666 0.08691979444444443 0.05597381354166667 0.07063214722222222 0.05638808333333333 0 0.06983097604166667 0 0.31282299166666666
0 0.04027777777777778 0.9324737166666667 0.05250190416666667 0.934375 0.44076375138888885 0.934375 0.4444567736111111 0.9296266708333333 0.4583333333333333 0.5376867489583332 0.4583333333333333 0.5288846520833334 0.4567505916666667 0.5199965677083334 0.4493569055555555 0.5146299729166667 0.43422398472222223 0.5118924229166667 0.06170274027777778 0.5036634885416666 0.0477240875 0.509537475 0.04426024305555555 0.5191551052083333 0.04027777777777778 0.6620069302083333 0.04027777777777778 0.9324737166666667
0 0.9103528125 0.8718036947916666 0.9133097444444445 0.8650410520833333 0.8570869388888889 0.478125 0.7693892847222222 0.478125 0.4651813402777778 0.5278458989583333 0.46111111111111114 0.5312930208333333 0.46111111111111114 0.5836409833333334 0.508872538888889 0.9362815447916667 0.5161803416666667 0.9442210166666667 0.5278883513888889 0.9445906260416667 0.9033662111111112 0.877512034375 0.9103528125 0.8718036947916666
0 0.7090831083333333 0.9701933854166668 0.7085485375 0.93125 0.5923212833333333 0.93125 0.3171833027777778 0.9606180531249999 0.30280615 0.9642341333333333 0.3 0.969011115625 0.3 0.9989583333333333 0.3254321027777778 0.9989583333333333 0.48845452777777776 0.9944299322916667 0.7088239694444444 0.9739416322916666 0.7090831083333333 0.9701933854166668
2 0.2676515347222222 0.07932442916666667 0.2654126625 0.1 0.4111111111111111 0.1 0.4111111111111111 0.09654626458333333 0.4100454097222222 0.08216948958333334 0.2676515347222222 0.07932442916666667
3 0.22778964444444444 0.4634268729166667 0.22709761388888888 0.4739583333333333 0.24720594583333333 0.4739583333333333 0.26805555555555555 0.4723883614583333 0.26805555555555555 0.4621886854166667 0.26792604166666667 0.46172529270833335 0.22778964444444444 0.4634268729166667
4 0.19541666666666666 0.4619479166666667 0.020857638888888867 0.01376302083333331
2 0.1894722222222222 0.5336354166666666 0.09632291666666669 0.024929687499999888
3 0.39873611111111107 0.9118020833333333 0.0306180555555555 0.01254687499999984
4 0.4241944444444445 0.90946875 0.02106250000000011 0.014330729166666601
3 0.5771388888888889 0.9019999999999999 0.03486805555555542 0.010739583333333514
4 0.5443472222222222 0.9031979166666667 0.019864583333333345 0.013601562500000124
2 0.6493749999999999 0.52675 0.13809722222222232 0.030244791666666635
2 0.4342916666666667 0.9719895833333333 0.11512152777777768 0.01688802083333319