0 0.15999166666666667 0.4651177083333333 0.16151527777777777 0.47483125000000004 0.17294305555555556 0.48168854166666664 0.5599694444444444 0.49540208333333335 0.5698736111111111 0.4914020833333333 0.5767305555555555 0.48511666666666664 0.6033958333333334 0.08113854166666666 0.5950152777777777 0.07028229166666668 0.5820638888888889 0.06799583333333332 0.44111944444444445 0.06571041666666667 0.20875138888888886 0.051996875000000005 0.1965611111111111 0.05542604166666667 0.19046666666666667 0.063996875 0.15999166666666667 0.4651177083333333
0 0 0.48625937500000005 0.14475416666666666 0.48397395833333334 0.15542083333333334 0.4782604166666667 0.16075277777777777 0.4708322916666667 0.1660861111111111 0.08171041666666666 0.1630388888888889 0.07028229166666668 0.15770555555555557 0.06228229166666666 0.14170694444444443 0.059996875 0 0.06285416666666667 0 0.48625937500000005
0 0.04647361111111111 0.9239499999999999 0.05409166666666666 0.9348072916666667 0.06780555555555555 0.9365208333333332 0.44111944444444445 0.9325218750000001 0.4525472222222222 0.9273791666666666 0.4578805555555555 0.9199510416666666 0.45483333333333337 0.52054375 0.4525472222222222 0.5102583333333334 0.44492916666666665 0.505115625 0.42969166666666664 0.5028302083333334 0.057140277777777776 0.5056875 0.04342638888888889 0.5119729166666667 0.04037916666666667 0.5216864583333334 0.04647361111111111 0.9239499999999999
0 0.5043541666666667 0.9159510416666666 0.5104486111111112 0.92509375 0.5218763888888889 0.9273791666666666 0.8989999999999999 0.9216645833333333 0.9066180555555555 0.9170937499999999 0.9104277777777778 0.9108083333333333 0.9073805555555555 0.5074010416666667 0.8997611111111111 0.5011156250000001 0.8890958333333333 0.49997291666666666 0.5165430555555556 0.49997291666666666 0.5074013888888889 0.5056875 0.5051152777777778 0.5136864583333334 0.5043541666666667 0.9159510416666666
0 0.7100569444444444 0.9989583333333333 0.7115805555555555 0.9536635416666667 0.7077722222222222 0.9462354166666667 0.6932958333333333 0.9439489583333334 0.32074444444444444 0.9490916666666667 0.3062694444444445 0.9513770833333334 0.300175 0.9605197916666667 0.3009361111111111 0.9989583333333333 0.7100569444444444 0.9989583333333333
2 0.4106194444444445 0.10265520833333334 0.41174999999999995 0.08229375 0.2697875 0.073809375 0.2646972222222222 0.09501979166666666 0.4106194444444445 0.10265520833333334
3 0.22567083333333335 0.4729760416666667 0.2697875 0.4734 0.26865555555555554 0.4627947916666667 0.2284986111111111 0.46109791666666666 0.22567083333333335 0.4729760416666667
4 0.19541666666666666 0.4619479166666667 0.020930555555555546 0.014427083333333358
2 0.1894722222222222 0.5336354166666666 0.0950138888888889 0.019510416666666686
3 0.39873611111111107 0.9118020833333333 0.029416666666666598 0.010604166666666732
4 0.4241944444444445 0.90946875 0.020361111111111066 0.013572916666666638
3 0.5771388888888889 0.9019999999999999 0.0353055555555555 0.010666666666666677
4 0.5443472222222222 0.9031979166666667 0.01834722222222227 0.011697916666666686
2 0.6493749999999999 0.52675 0.13849999999999996 0.020979166666666653
2 0.4342916666666667 0.9719895833333333 0.11465277777777771 0.016510416666666573