0 0.4591812847222222 0.5157032229166666 0.6547702680555556 0.13066643020833332 0.6513787652777777 0.1185533125 0.6400308652777777 0.11383071354166667 0.5070138152777778 0.084263840625 0.29238589305555557 0.026041666666666668 0.29011484583333336 0.026041666666666668 0.2788734597222222 0.026857632291666666 0.2694682986111111 0.033953402083333334 0.1 0.360500903125 0.1 0.4396751614583333 0.4368258 0.521875 0.44182809861111116 0.521875 0.45001440138888893 0.5204434385416666 0.4591812847222222 0.5157032229166666
0 0.15824986944444444 0.059375 0.07848941666666667 0.059375 0.00031248749999999997 0.06269518854166667 0.04206275694444444 0.48541666666666666 0.04910944166666667 0.48541666666666666 0.07556828194444444 0.48482869270833334 0.16527777777777777 0.481413465625 0.16527777777777777 0.07054548854166667 0.16379531944444445 0.06651253124999999 0.15824986944444444 0.059375
0 0 0.8984956760416666 0.2876108680555556 0.9604166666666667 0.37988330000000003 0.9604166666666667 0.5111293347222222 0.5838075375 0.5124341486111111 0.5734556052083334 0.5068270958333333 0.5668604791666667 0.4928778208333333 0.5613319364583333 0.1317516152777778 0.4824145072916667 0.11634632916666666 0.48542863124999996 0.11008114722222222 0.49406391666666666 0 0.8175169583333334 0 0.8984956760416666
0 0.5282207125 0.91453426875 0.5396638861111112 0.9176605979166667 0.76896105 0.93125 0.925 0.93125 0.925 0.5257381895833333 0.9202338208333334 0.52146335 0.9095498791666666 0.5195313802083333 0.5361720916666667 0.4917816208333334 0.5269853999999999 0.4967895510416667 0.5246595416666666 0.504582209375 0.5221524152777778 0.9049787802083333 0.5282207125 0.91453426875
0 0.7111111111111111 0.94375 0.40160117222222225 0.94375 0.3217989347222222 0.9484040687499999 0.30752708333333334 0.95133281875 0.3022453236111111 0.960746390625 0.30640222361111114 0.9989583333333333 0.3085134361111111 0.9989583333333333 0.7111111111111111 0.981065103125 0.7111111111111111 0.94375
2 0.27226666805555555 0.06893681770833333 0.2638888888888889 0.08813616979166666 0.2638888888888889 0.089272978125 0.35939638611111113 0.10729166666666666 0.4088686777777778 0.10729166666666666 0.4114959763888889 0.09628196458333332 0.27226666805555555 0.06893681770833333
3 0.25483171250000003 0.47255749375 0.26944444444444443 0.4718268572916667 0.26944444444444443 0.4626176322916667 0.23126883611111113 0.459375 0.23030749027777778 0.459375 0.22594190555555554 0.4710638166666667 0.25483171250000003 0.47255749375
4 0.19541666666666666 0.4619479166666667 0.022246527777777754 0.015325520833333309
2 0.1894722222222222 0.5336354166666666 0.09632291666666669 0.024929687499999888
3 0.39873611111111107 0.9118020833333333 0.0306180555555555 0.013328124999999838
4 0.4241944444444445 0.90946875 0.02140972222222233 0.014851562499999934
3 0.5771388888888889 0.9019999999999999 0.035215277777777644 0.012822916666666847
4 0.5443472222222222 0.9031979166666667 0.019170138888888903 0.01229947916666679
2 0.6493749999999999 0.52675 0.1377500000000001 0.021651041666666634
2 0.4342916666666667 0.9719895833333333 0.11512152777777768 0.01688802083333319